origin_id,destination_id,distance [m]
0,0,
0,17,43798.0845
0,18,47252.99168
0,20,57171.88493
0,21,62260.57345
0,23,65441.75165
0,24,74560.03586
0,25,79529.16198
0,29,85539.80779
0,30,87938.518
0,31,91056.16972
0,32,92687.25416
0,33,91400.06737
0,35,95523.37205
0,36,100187.9209
0,38,98422.25932
0,39,98887.17292
0,40,101449.1586
0,41,104098.9637
0,48,141950.7485
0,52,157472.6555
0,53,157041.3791
0,54,150522.3425
0,57,144710.1074
0,58,142823.8928
0,60,131536.7094
0,61,127066.3779
0,62,128700.413
0,63,123952.3925
0,64,119133.5787
0,66,120662.2453
0,67,115369.6615
0,68,107991.1084
0,69,108536.5834
0,77,66832.38929
0,82,40945.6327
0,83,43188.48679
0,84,42301.90315
0,85,36221.35166
0,86,37167.57915
0,87,34741.16474
0,88,29952.03933
0,89,29218.36919
0,90,16011.18979
17,0,43798.0845
17,17,
17,18,7024.78491
17,20,16943.67816
17,21,22032.36667
17,23,25213.54488
17,24,34331.82909
17,25,39300.95521
17,29,45311.60102
17,30,47710.31123
17,31,50827.96295
17,32,52459.04739
17,33,51171.8606
17,35,55295.16528
17,36,59959.71412
17,38,58194.05255
17,39,58658.96615
17,40,61220.95181
17,41,63870.75688
17,48,101722.5417
17,52,117244.4487
17,53,116813.1723
17,54,110294.1357
17,57,104481.9007
17,58,102595.686
17,60,91308.5026
17,61,86838.17115
17,62,88472.20625
17,63,83724.18577
17,64,78905.37188
17,66,80434.03855
17,67,75141.45468
17,68,67762.90162
17,69,68308.37658
17,77,26604.18252
17,82,4695.231737
17,83,6938.085832
17,84,6051.502185
17,85,8199.534545
17,86,7611.13082
17,87,11213.10055
17,88,14536.5039
17,89,18144.20219
17,90,28400.97779
18,0,47252.99168
18,17,7024.78491
18,18,
18,20,12188.51454
18,21,17277.20305
18,23,20458.38126
18,24,29576.66547
18,25,34545.79159
18,29,40556.4374
18,30,42955.14761
18,31,46072.79933
18,32,47703.88377
18,33,46416.69698
18,35,50540.00166
18,36,55204.55049
18,38,53438.88893
18,39,53903.80252
18,40,56465.78819
18,41,59115.59326
18,48,96967.37812
18,52,112489.2851
18,53,112058.0087
18,54,105538.9721
18,57,99726.73704
18,58,97840.52236
18,60,86553.33898
18,61,82083.00753
18,62,83717.04263
18,63,78969.02215
18,64,74150.20826
18,66,75678.87493
18,67,70386.29106
18,68,63007.738
18,69,63553.21296
18,77,21849.0189
18,82,8150.138915
18,83,10392.99301
18,84,9506.409363
18,85,11654.44172
18,86,11066.038
18,87,14668.00773
18,88,17991.41108
18,89,21599.10937
18,90,31855.88497
20,0,57171.88493
20,17,16943.67816
20,18,12188.51454
20,20,
20,21,9561.013073
20,23,12742.19128
20,24,21860.47549
20,25,26829.60161
20,29,32840.24742
20,30,35238.95763
20,31,38356.60935
20,32,39987.69379
20,33,38700.507
20,35,42823.81168
20,36,47488.36051
20,38,45722.69895
20,39,46187.61254
20,40,48749.59821
20,41,51399.40328
20,48,89251.18814
20,52,104773.0951
20,53,104341.8187
20,54,97822.78213
20,57,92010.54706
20,58,90124.33238
20,60,78837.149
20,61,74366.81755
20,62,76000.85265
20,63,71252.83217
20,64,66434.01828
20,66,67962.68494
20,67,62670.10108
20,68,55291.54802
20,69,55837.02298
20,77,14132.82892
20,82,18069.03217
20,83,20311.88626
20,84,19425.30262
20,85,21573.33498
20,86,20984.93125
20,87,24586.90098
20,88,27910.30433
20,89,31518.00262
20,90,41774.77822
21,0,62260.57345
21,17,22032.36667
21,18,17277.20305
21,20,9561.013073
21,21,
21,23,5610.63314
21,24,14728.91735
21,25,19698.04347
21,29,25708.68928
21,30,28107.39949
21,31,31225.05121
21,32,32856.13565
21,33,31568.94886
21,35,35692.25354
21,36,40356.80237
21,38,38591.14081
21,39,39056.05441
21,40,41618.04007
21,41,44267.84514
21,48,82119.63
21,52,97641.537
21,53,97210.26054
21,54,90691.22399
21,57,84878.98892
21,58,82992.77425
21,60,71705.59086
21,61,67235.25941
21,62,68869.29451
21,63,64121.27403
21,64,59302.46014
21,66,60831.12681
21,67,55538.54294
21,68,48159.98988
21,69,48705.46484
21,77,7001.270777
21,82,23157.72068
21,83,25400.57477
21,84,24513.99113
21,85,26662.02349
21,86,26073.61976
21,87,29675.5895
21,88,32998.99284
21,89,36606.69113
21,90,46863.46673
23,0,65441.75165
23,17,25213.54488
23,18,20458.38126
23,20,12742.19128
23,21,5610.63314
23,23,
23,24,12045.619
23,25,17014.74511
23,29,23025.39092
23,30,25424.10113
23,31,28541.75285
23,32,30172.83729
23,33,28885.65051
23,35,33008.95519
23,36,37673.50402
23,38,35907.84246
23,39,36372.75605
23,40,38934.74171
23,41,41584.54679
23,48,79436.33165
23,52,94958.23865
23,53,94526.96218
23,54,88007.92564
23,57,82195.69057
23,58,80309.47589
23,60,69022.2925
23,61,64551.96105
23,62,66185.99616
23,63,61437.97567
23,64,56619.16179
23,66,58147.82845
23,67,52855.24459
23,68,45476.69152
23,69,46022.16649
23,77,4317.972421
23,82,26338.89888
23,83,28581.75298
23,84,27695.16933
23,85,29843.20169
23,86,29254.79797
23,87,32856.7677
23,88,36180.17105
23,89,39787.86934
23,90,50044.64494
24,0,74560.03586
24,17,34331.82909
24,18,29576.66547
24,20,21860.47549
24,21,14728.91735
24,23,12045.619
24,24,
24,25,5397.21191
24,29,11407.85772
24,30,13806.56793
24,31,16924.21965
24,32,18555.30409
24,33,17268.1173
24,35,21391.42199
24,36,26055.97082
24,38,24290.30925
24,39,24755.22285
24,40,27317.20851
24,41,29967.01358
24,48,67818.79845
24,52,83340.70545
24,53,82909.42898
24,54,76390.39243
24,57,70578.15736
24,58,68691.94269
24,60,57404.7593
24,61,52934.42785
24,62,54568.46295
24,63,49820.44247
24,64,45001.62859
24,66,46530.29525
24,67,41237.71139
24,68,33859.15832
24,69,34404.63328
24,77,7988.384063
24,82,35457.1831
24,83,37700.03719
24,84,36813.45354
24,85,38961.4859
24,86,38373.08218
24,87,41975.05191
24,88,45298.45526
24,89,48906.15355
24,90,59162.92915
25,0,79529.16198
25,17,39300.95521
25,18,34545.79159
25,20,26829.60161
25,21,19698.04347
25,23,17014.74511
25,24,5397.21191
25,25,
25,29,7013.189854
25,30,9411.900065
25,31,12529.55178
25,32,14160.63622
25,33,12873.44944
25,35,16996.75412
25,36,21661.30295
25,38,19895.64139
25,39,20360.55498
25,40,22922.54064
25,41,25572.34572
25,48,63424.13058
25,52,78946.03758
25,53,78514.76111
25,54,71995.72457
25,57,66183.4895
25,58,64297.27482
25,60,53010.09143
25,61,48539.75998
25,62,50173.79509
25,63,45425.7746
25,64,40606.96072
25,66,42135.62738
25,67,36843.04352
25,68,29464.49045
25,69,30009.96542
25,77,12957.51018
25,82,40426.30921
25,83,42669.16331
25,84,41782.57966
25,85,43930.61202
25,86,43342.2083
25,87,46944.17803
25,88,50267.58138
25,89,53875.27967
25,90,64132.05527
29,0,85539.80779
29,17,45311.60102
29,18,40556.4374
29,20,32840.24742
29,21,25708.68928
29,23,23025.39092
29,24,11407.85772
29,25,7013.189854
29,29,
29,30,3340.214628
29,31,6457.866346
29,32,8088.950784
29,33,6801.764
29,35,10925.06868
29,36,15589.61751
29,38,13823.95595
29,39,14288.86954
29,40,16850.8552
29,41,19500.66028
29,48,57352.44514
29,52,72874.35214
29,53,72443.07568
29,54,65924.03913
29,57,60111.80406
29,58,58225.58938
29,60,46938.40599
29,61,42468.07454
29,62,44102.10965
29,63,39354.08917
29,64,34535.27528
29,66,36063.94194
29,67,30771.35808
29,68,23392.80502
29,69,23938.27998
29,77,18968.15599
29,82,46436.95503
29,83,48679.80912
29,84,47793.22547
29,85,49941.25783
29,86,49352.85411
29,87,52954.82384
29,88,56278.22719
29,89,59885.92548
29,90,70142.70108
30,0,87938.518
30,17,47710.31123
30,18,42955.14761
30,20,35238.95763
30,21,28107.39949
30,23,25424.10113
30,24,13806.56793
30,25,9411.900065
30,29,3340.214628
30,30,
30,31,5293.900078
30,32,6924.984516
30,33,5637.797732
30,35,9761.102412
30,36,14425.65124
30,38,12659.98968
30,39,13124.90327
30,40,15686.88894
30,41,18336.69401
30,48,56188.47887
30,52,71710.38587
30,53,71279.10941
30,54,64760.07286
30,57,58947.83779
30,58,57061.62311
30,60,45774.43973
30,61,41304.10828
30,62,42938.14338
30,63,38190.1229
30,64,33371.30901
30,66,34899.97567
30,67,29607.39181
30,68,22228.83875
30,69,22774.31371
30,77,21366.8662
30,82,48835.66524
30,83,51078.51933
30,84,50191.93568
30,85,52339.96804
30,86,51751.56432
30,87,55353.53405
30,88,58676.9374
30,89,62284.63569
30,90,72541.41129
31,0,91056.16972
31,17,50827.96295
31,18,46072.79933
31,20,38356.60935
31,21,31225.05121
31,23,28541.75285
31,24,16924.21965
31,25,12529.55178
31,29,6457.866346
31,30,5293.900078
31,31,
31,32,2174.687267
31,33,2467.443897
31,35,6590.748577
31,36,11255.29741
31,38,9489.635846
31,39,9954.549438
31,40,12516.5351
31,41,15166.34017
31,48,53018.12504
31,52,68540.03204
31,53,68108.75557
31,54,61589.71903
31,57,55777.48395
31,58,53891.26928
31,60,42604.08589
31,61,38133.75444
31,62,39767.78955
31,63,35019.76906
31,64,30200.95518
31,66,31729.62184
31,67,26437.03798
31,68,19058.48491
31,69,19603.95988
31,77,24484.51792
31,82,51953.31695
31,83,54196.17105
31,84,53309.5874
31,85,55457.61976
31,86,54869.21604
31,87,58471.18577
31,88,61794.58912
31,89,65402.28741
31,90,75659.06301
32,0,92687.25416
32,17,52459.04739
32,18,47703.88377
32,20,39987.69379
32,21,32856.13565
32,23,30172.83729
32,24,18555.30409
32,25,14160.63622
32,29,8088.950784
32,30,6924.984516
32,31,2174.687267
32,32,
32,33,4098.528334
32,35,8221.833015
32,36,12886.38185
32,38,11120.72028
32,39,11585.63388
32,40,14147.61954
32,41,16797.42461
32,48,54649.20947
32,52,70171.11648
32,53,69739.84001
32,54,63220.80346
32,57,57408.56839
32,58,55522.35372
32,60,44235.17033
32,61,39764.83888
32,62,41398.87398
32,63,36650.8535
32,64,31832.03962
32,66,33360.70628
32,67,28068.12242
32,68,20689.56935
32,69,21235.04431
32,77,26115.60236
32,82,53584.40139
32,83,55827.25549
32,84,54940.67184
32,85,57088.7042
32,86,56500.30048
32,87,60102.27021
32,88,63425.67356
32,89,67033.37185
32,90,77290.14745
33,0,91400.06737
33,17,51171.8606
33,18,46416.69698
33,20,38700.507
33,21,31568.94886
33,23,28885.65051
33,24,17268.1173
33,25,12873.44944
33,29,6801.764
33,30,5637.797732
33,31,2467.443897
33,32,4098.528334
33,33,
33,35,4372.096542
33,36,9036.645373
33,38,7270.983811
33,39,7735.897403
33,40,10297.88307
33,41,12947.68814
33,48,50799.473
33,52,66321.38
33,53,65890.10354
33,54,59371.06699
33,57,53558.83192
33,58,51672.61724
33,60,40385.43386
33,61,35915.10241
33,62,37549.13751
33,63,32801.11703
33,64,27982.30314
33,66,29510.9698
33,67,24218.38594
33,68,16839.83288
33,69,17385.30784
33,77,24828.41558
33,82,52297.21461
33,83,54540.0687
33,84,53653.48506
33,85,55801.51742
33,86,55213.11369
33,87,58815.08342
33,88,62138.48677
33,89,65746.18506
33,90,76002.96066
35,0,95523.37205
35,17,55295.16528
35,18,50540.00166
35,20,42823.81168
35,21,35692.25354
35,23,33008.95519
35,24,21391.42199
35,25,16996.75412
35,29,10925.06868
35,30,9761.102412
35,31,6590.748577
35,32,8221.833015
35,33,4372.096542
35,35,
35,36,8946.544207
35,38,7180.882645
35,39,7645.796238
35,40,10207.7819
35,41,12857.58697
35,48,50709.37184
35,52,66231.27884
35,53,65800.00237
35,54,59280.96583
35,57,53468.73075
35,58,51582.51608
35,60,40295.33269
35,61,35825.00124
35,62,37459.03635
35,63,32711.01586
35,64,27892.20198
35,66,29420.86864
35,67,24128.28478
35,68,16749.73171
35,69,17295.20668
35,77,28951.72026
35,82,56420.51929
35,83,58663.37338
35,84,57776.78974
35,85,59924.8221
35,86,59336.41837
35,87,62938.3881
35,88,66261.79145
35,89,69869.48974
35,90,80126.26534
36,0,100187.9209
36,17,59959.71412
36,18,55204.55049
36,20,47488.36051
36,21,40356.80237
36,23,37673.50402
36,24,26055.97082
36,25,21661.30295
36,29,15589.61751
36,30,14425.65124
36,31,11255.29741
36,32,12886.38185
36,33,9036.645373
36,35,8946.544207
36,36,
36,38,1844.069865
36,39,3236.083241
36,40,5798.068902
36,41,8447.873976
36,48,46299.65884
36,52,61821.56584
36,53,61390.28938
36,54,54871.25283
36,57,49059.01776
36,58,47172.80308
36,60,35885.61969
36,61,31415.28824
36,62,33049.32335
36,63,28301.30287
36,64,23482.48898
36,66,25011.15564
36,67,19718.57178
36,68,12340.01871
36,69,12885.49368
36,77,33616.26909
36,82,61085.06812
36,83,63327.92222
36,84,62441.33857
36,85,64589.37093
36,86,64000.9672
36,87,67602.93694
36,88,70926.34029
36,89,74534.03857
36,90,84790.81417
38,0,98422.25932
38,17,58194.05255
38,18,53438.88893
38,20,45722.69895
38,21,38591.14081
38,23,35907.84246
38,24,24290.30925
38,25,19895.64139
38,29,13823.95595
38,30,12659.98968
38,31,9489.635846
38,32,11120.72028
38,33,7270.983811
38,35,7180.882645
38,36,1844.069865
38,38,
38,39,1470.421678
38,40,4032.40734
38,41,6682.212414
38,48,44533.99728
38,52,60055.90428
38,53,59624.62781
38,54,53105.59127
38,57,47293.3562
38,58,45407.14152
38,60,34119.95813
38,61,29649.62668
38,62,31283.66179
38,63,26535.6413
38,64,21716.82742
38,66,23245.49408
38,67,17952.91022
38,68,10574.35715
38,69,11119.83212
38,77,31850.60752
38,82,59319.40656
38,83,61562.26065
38,84,60675.67701
38,85,62823.70937
38,86,62235.30564
38,87,65837.27537
38,88,69160.67872
38,89,72768.37701
38,90,83025.15261
39,0,98887.17292
39,17,58658.96615
39,18,53903.80252
39,20,46187.61254
39,21,39056.05441
39,23,36372.75605
39,24,24755.22285
39,25,20360.55498
39,29,14288.86954
39,30,13124.90327
39,31,9954.549438
39,32,11585.63388
39,33,7735.897403
39,35,7645.796238
39,36,3236.083241
39,38,1470.421678
39,39,
39,40,3118.760986
39,41,5768.56606
39,48,43620.35092
39,52,59142.25792
39,53,58710.98146
39,54,52191.94491
39,57,46379.70984
39,58,44493.49516
39,60,33206.31178
39,61,28735.98033
39,62,30370.01543
39,63,25621.99495
39,64,20803.18106
39,66,22331.84773
39,67,17039.26386
39,68,9660.710798
39,69,10206.18576
39,77,32315.52112
39,82,59784.32015
39,83,62027.17425
39,84,61140.5906
39,85,63288.62296
39,86,62700.21923
39,87,66302.18897
39,88,69625.59232
39,89,73233.2906
39,90,83490.0662
40,0,101449.1586
40,17,61220.95181
40,18,56465.78819
40,20,48749.59821
40,21,41618.04007
40,23,38934.74171
40,24,27317.20851
40,25,22922.54064
40,29,16850.8552
40,30,15686.88894
40,31,12516.5351
40,32,14147.61954
40,33,10297.88307
40,35,10207.7819
40,36,5798.068902
40,38,4032.40734
40,39,3118.760986
40,40,
40,41,4392.520578
40,48,42244.30544
40,52,57766.21244
40,53,57334.93598
40,54,50815.89943
40,57,45003.66436
40,58,43117.44968
40,60,31830.26629
40,61,27359.93484
40,62,28993.96995
40,63,24245.94947
40,64,19427.13558
40,66,20955.80224
40,67,15663.21838
40,68,8284.665315
40,69,8830.14028
40,77,34877.50678
40,82,62346.30581
40,83,64589.15991
40,84,63702.57626
40,85,65850.60862
40,86,65262.20489
40,87,68864.17463
40,88,72187.57798
40,89,75795.27627
40,90,86052.05187
41,0,104098.9637
41,17,63870.75688
41,18,59115.59326
41,20,51399.40328
41,21,44267.84514
41,23,41584.54679
41,24,29967.01358
41,25,25572.34572
41,29,19500.66028
41,30,18336.69401
41,31,15166.34017
41,32,16797.42461
41,33,12947.68814
41,35,12857.58697
41,36,8447.873976
41,38,6682.212414
41,39,5768.56606
41,40,4392.520578
41,41,
41,48,39183.41502
41,52,54705.32202
41,53,54274.04555
41,54,47755.009
41,57,41942.77393
41,58,40056.55926
41,60,28769.37587
41,61,24299.04442
41,62,25933.07952
41,63,21185.05904
41,64,16366.24516
41,66,17894.91182
41,67,12602.32796
41,68,5223.77489
41,69,5769.249855
41,77,37527.31185
41,82,64996.11089
41,83,67238.96498
41,84,66352.38133
41,85,68500.41369
41,86,67912.00997
41,87,71513.9797
41,88,74837.38305
41,89,78445.08134
41,90,88701.85694
48,0,141950.7485
48,17,101722.5417
48,18,96967.37812
48,20,89251.18814
48,21,82119.63
48,23,79436.33165
48,24,67818.79845
48,25,63424.13058
48,29,57352.44514
48,30,56188.47887
48,31,53018.12504
48,32,54649.20947
48,33,50799.473
48,35,50709.37184
48,36,46299.65884
48,38,44533.99728
48,39,43620.35092
48,40,42244.30544
48,41,39183.41502
48,48,
48,52,17509.86297
48,53,17078.58651
48,54,10559.54996
48,57,4747.314891
48,58,2861.100215
48,60,10842.16805
48,61,16946.67015
48,62,18580.70526
48,63,19210.19074
48,64,24715.6681
48,66,26244.33476
48,67,28747.19594
48,68,34631.09555
48,69,38072.2781
48,77,75379.09672
48,82,102847.8957
48,83,105090.7498
48,84,104204.1662
48,85,106352.1986
48,86,105763.7948
48,87,109365.7646
48,88,112689.1679
48,89,116296.8662
48,90,126553.6418
52,0,157472.6555
52,17,117244.4487
52,18,112489.2851
52,20,104773.0951
52,21,97641.537
52,23,94958.23865
52,24,83340.70545
52,25,78946.03758
52,29,72874.35214
52,30,71710.38587
52,31,68540.03204
52,32,70171.11648
52,33,66321.38
52,35,66231.27884
52,36,61821.56584
52,38,60055.90428
52,39,59142.25792
52,40,57766.21244
52,41,54705.32202
52,48,17509.86297
52,52,
52,53,1918.699197
52,54,7997.861341
52,57,13938.64855
52,58,15970.8828
52,60,26364.07506
52,61,32468.57715
52,62,34102.61226
52,63,34732.09774
52,64,40237.5751
52,66,41766.24176
52,67,44269.10294
52,68,50153.00255
52,69,53594.1851
52,77,90901.00372
52,82,118369.8027
52,83,120612.6568
52,84,119726.0732
52,85,121874.1056
52,86,121285.7018
52,87,124887.6716
52,88,128211.0749
52,89,131818.7732
52,90,142075.5488
53,0,157041.3791
53,17,116813.1723
53,18,112058.0087
53,20,104341.8187
53,21,97210.26054
53,23,94526.96218
53,24,82909.42898
53,25,78514.76111
53,29,72443.07568
53,30,71279.10941
53,31,68108.75557
53,32,69739.84001
53,33,65890.10354
53,35,65800.00237
53,36,61390.28938
53,38,59624.62781
53,39,58710.98146
53,40,57334.93598
53,41,54274.04555
53,48,17078.58651
53,52,1918.699197
53,53,
53,54,7566.584877
53,57,13507.37209
53,58,15539.60634
53,60,25932.79859
53,61,32037.30069
53,62,33671.33579
53,63,34300.82128
53,64,39806.29864
53,66,41334.9653
53,67,43837.82648
53,68,49721.72608
53,69,53162.90864
53,77,90469.72725
53,82,117938.5263
53,83,120181.3804
53,84,119294.7967
53,85,121442.8291
53,86,120854.4254
53,87,124456.3951
53,88,127779.7985
53,89,131387.4967
53,90,141644.2723
54,0,150522.3425
54,17,110294.1357
54,18,105538.9721
54,20,97822.78213
54,21,90691.22399
54,23,88007.92564
54,24,76390.39243
54,25,71995.72457
54,29,65924.03913
54,30,64760.07286
54,31,61589.71903
54,32,63220.80346
54,33,59371.06699
54,35,59280.96583
54,36,54871.25283
54,38,53105.59127
54,39,52191.94491
54,40,50815.89943
54,41,47755.009
54,48,10559.54996
54,52,7997.861341
54,53,7566.584877
54,54,
54,57,6988.335542
54,58,9020.569788
54,60,19413.76204
54,61,25518.26414
54,62,27152.29925
54,63,27781.78473
54,64,33287.26209
54,66,34815.92875
54,67,37318.78993
54,68,43202.68953
54,69,46643.87209
54,77,83950.6907
54,82,111419.4897
54,83,113662.3438
54,84,112775.7602
54,85,114923.7925
54,86,114335.3888
54,87,117937.3586
54,88,121260.7619
54,89,124868.4602
54,90,135125.2358
57,0,144710.1074
57,17,104481.9007
57,18,99726.73704
57,20,92010.54706
57,21,84878.98892
57,23,82195.69057
57,24,70578.15736
57,25,66183.4895
57,29,60111.80406
57,30,58947.83779
57,31,55777.48395
57,32,57408.56839
57,33,53558.83192
57,35,53468.73075
57,36,49059.01776
57,38,47293.3562
57,39,46379.70984
57,40,45003.66436
57,41,41942.77393
57,48,4747.314891
57,52,13938.64855
57,53,13507.37209
57,54,6988.335542
57,57,
57,58,3208.334717
57,60,13601.52697
57,61,19706.02907
57,62,21340.06418
57,63,21969.54966
57,64,27475.02702
57,66,29003.69368
57,67,31506.55486
57,68,37390.45446
57,69,40831.63702
57,77,78138.45563
57,82,105607.2547
57,83,107850.1088
57,84,106963.5251
57,85,109111.5575
57,86,108523.1537
57,87,112125.1235
57,88,115448.5268
57,89,119056.2251
57,90,129313.0007
58,0,142823.8928
58,17,102595.686
58,18,97840.52236
58,20,90124.33238
58,21,82992.77425
58,23,80309.47589
58,24,68691.94269
58,25,64297.27482
58,29,58225.58938
58,30,57061.62311
58,31,53891.26928
58,32,55522.35372
58,33,51672.61724
58,35,51582.51608
58,36,47172.80308
58,38,45407.14152
58,39,44493.49516
58,40,43117.44968
58,41,40056.55926
58,48,2861.100215
58,52,15970.8828
58,53,15539.60634
58,54,9020.569788
58,57,3208.334717
58,58,
58,60,11715.3123
58,61,17819.81439
58,62,19453.8495
58,63,20083.33498
58,64,25588.81234
58,66,27117.47901
58,67,29620.34019
58,68,35504.23979
58,69,38945.42234
58,77,76252.24096
58,82,103721.04
58,83,105963.8941
58,84,105077.3104
58,85,107225.3428
58,86,106636.9391
58,87,110238.9088
58,88,113562.3122
58,89,117170.0104
58,90,127426.786
60,0,131536.7094
60,17,91308.5026
60,18,86553.33898
60,20,78837.149
60,21,71705.59086
60,23,69022.2925
60,24,57404.7593
60,25,53010.09143
60,29,46938.40599
60,30,45774.43973
60,31,42604.08589
60,32,44235.17033
60,33,40385.43386
60,35,40295.33269
60,36,35885.61969
60,38,34119.95813
60,39,33206.31178
60,40,31830.26629
60,41,28769.37587
60,48,10842.16805
60,52,26364.07506
60,53,25932.79859
60,54,19413.76204
60,57,13601.52697
60,58,11715.3123
60,60,
60,61,6532.631007
60,62,8166.666112
60,63,8796.151596
60,64,14301.62896
60,66,15830.29562
60,67,18333.1568
60,68,24217.0564
60,69,27658.23895
60,77,64965.05757
60,82,92433.8566
60,83,94676.7107
60,84,93790.12705
60,85,95938.15941
60,86,95349.75569
60,87,98951.72542
60,88,102275.1288
60,89,105882.8271
60,90,116139.6027
61,0,127066.3779
61,17,86838.17115
61,18,82083.00753
61,20,74366.81755
61,21,67235.25941
61,23,64551.96105
61,24,52934.42785
61,25,48539.75998
61,29,42468.07454
61,30,41304.10828
61,31,38133.75444
61,32,39764.83888
61,33,35915.10241
61,35,35825.00124
61,36,31415.28824
61,38,29649.62668
61,39,28735.98033
61,40,27359.93484
61,41,24299.04442
61,48,16946.67015
61,52,32468.57715
61,53,32037.30069
61,54,25518.26414
61,57,19706.02907
61,58,17819.81439
61,60,6532.631007
61,61,
61,62,1634.035105
61,63,4325.820145
61,64,9831.297507
61,66,11359.96417
61,67,13862.82535
61,68,19746.72495
61,69,23187.9075
61,77,60494.72612
61,82,87963.52515
61,83,90206.37925
61,84,89319.7956
61,85,91467.82796
61,86,90879.42424
61,87,94481.39397
61,88,97804.79732
61,89,101412.4956
61,90,111669.2712
62,0,128700.413
62,17,88472.20625
62,18,83717.04263
62,20,76000.85265
62,21,68869.29451
62,23,66185.99616
62,24,54568.46295
62,25,50173.79509
62,29,44102.10965
62,30,42938.14338
62,31,39767.78955
62,32,41398.87398
62,33,37549.13751
62,35,37459.03635
62,36,33049.32335
62,38,31283.66179
62,39,30370.01543
62,40,28993.96995
62,41,25933.07952
62,48,18580.70526
62,52,34102.61226
62,53,33671.33579
62,54,27152.29925
62,57,21340.06418
62,58,19453.8495
62,60,8166.666112
62,61,1634.035105
62,62,
62,63,5959.855251
62,64,11465.33261
62,66,12993.99927
62,67,15496.86045
62,68,21380.76005
62,69,24821.94261
62,77,62128.76123
62,82,89597.56026
62,83,91840.41435
62,84,90953.83071
62,85,93101.86307
62,86,92513.45934
62,87,96115.42907
62,88,99438.83242
62,89,103046.5307
62,90,113303.3063
63,0,123952.3925
63,17,83724.18577
63,18,78969.02215
63,20,71252.83217
63,21,64121.27403
63,23,61437.97567
63,24,49820.44247
63,25,45425.7746
63,29,39354.08917
63,30,38190.1229
63,31,35019.76906
63,32,36650.8535
63,33,32801.11703
63,35,32711.01586
63,36,28301.30287
63,38,26535.6413
63,39,25621.99495
63,40,24245.94947
63,41,21185.05904
63,48,19210.19074
63,52,34732.09774
63,53,34300.82128
63,54,27781.78473
63,57,21969.54966
63,58,20083.33498
63,60,8796.151596
63,61,4325.820145
63,62,5959.855251
63,63,
63,64,6717.312129
63,66,8245.978791
63,67,10748.83997
63,68,16632.73957
63,69,20073.92212
63,77,57380.74074
63,82,84849.53977
63,83,87092.39387
63,84,86205.81022
63,85,88353.84258
63,86,87765.43886
63,87,91367.40859
63,88,94690.81194
63,89,98298.51023
63,90,108555.2858
64,0,119133.5787
64,17,78905.37188
64,18,74150.20826
64,20,66434.01828
64,21,59302.46014
64,23,56619.16179
64,24,45001.62859
64,25,40606.96072
64,29,34535.27528
64,30,33371.30901
64,31,30200.95518
64,32,31832.03962
64,33,27982.30314
64,35,27892.20198
64,36,23482.48898
64,38,21716.82742
64,39,20803.18106
64,40,19427.13558
64,41,16366.24516
64,48,24715.6681
64,52,40237.5751
64,53,39806.29864
64,54,33287.26209
64,57,27475.02702
64,58,25588.81234
64,60,14301.62896
64,61,9831.297507
64,62,11465.33261
64,63,6717.312129
64,64,
64,66,1875.984857
64,67,5930.026084
64,68,11813.92569
64,69,15255.10824
64,77,52561.92686
64,82,80030.72589
64,83,82273.57998
64,84,81386.99634
64,85,83535.0287
64,86,82946.62497
64,87,86548.59471
64,88,89871.99805
64,89,93479.69634
64,90,103736.4719
66,0,120662.2453
66,17,80434.03855
66,18,75678.87493
66,20,67962.68494
66,21,60831.12681
66,23,58147.82845
66,24,46530.29525
66,25,42135.62738
66,29,36063.94194
66,30,34899.97567
66,31,31729.62184
66,32,33360.70628
66,33,29510.9698
66,35,29420.86864
66,36,25011.15564
66,38,23245.49408
66,39,22331.84773
66,40,20955.80224
66,41,17894.91182
66,48,26244.33476
66,52,41766.24176
66,53,41334.9653
66,54,34815.92875
66,57,29003.69368
66,58,27117.47901
66,60,15830.29562
66,61,11359.96417
66,62,12993.99927
66,63,8245.978791
66,64,1875.984857
66,66,
66,67,7458.692746
66,68,13342.59235
66,69,16783.7749
66,77,54090.59352
66,82,81559.39255
66,83,83802.24665
66,84,82915.663
66,85,85063.69536
66,86,84475.29163
66,87,88077.26137
66,88,91400.66472
66,89,95008.363
66,90,105265.1386
67,0,115369.6615
67,17,75141.45468
67,18,70386.29106
67,20,62670.10108
67,21,55538.54294
67,23,52855.24459
67,24,41237.71139
67,25,36843.04352
67,29,30771.35808
67,30,29607.39181
67,31,26437.03798
67,32,28068.12242
67,33,24218.38594
67,35,24128.28478
67,36,19718.57178
67,38,17952.91022
67,39,17039.26386
67,40,15663.21838
67,41,12602.32796
67,48,28747.19594
67,52,44269.10294
67,53,43837.82648
67,54,37318.78993
67,57,31506.55486
67,58,29620.34019
67,60,18333.1568
67,61,13862.82535
67,62,15496.86045
67,63,10748.83997
67,64,5930.026084
67,66,7458.692746
67,67,
67,68,8050.008486
67,69,11491.19104
67,77,48798.00966
67,82,76266.80869
67,83,78509.66278
67,84,77623.07914
67,85,79771.1115
67,86,79182.70777
67,87,82784.67751
67,88,86108.08085
67,89,89715.77914
67,90,99972.55474
68,0,107991.1084
68,17,67762.90162
68,18,63007.738
68,20,55291.54802
68,21,48159.98988
68,23,45476.69152
68,24,33859.15832
68,25,29464.49045
68,29,23392.80502
68,30,22228.83875
68,31,19058.48491
68,32,20689.56935
68,33,16839.83288
68,35,16749.73171
68,36,12340.01871
68,38,10574.35715
68,39,9660.710798
68,40,8284.665315
68,41,5223.77489
68,48,34631.09555
68,52,50153.00255
68,53,49721.72608
68,54,43202.68953
68,57,37390.45446
68,58,35504.23979
68,60,24217.0564
68,61,19746.72495
68,62,21380.76005
68,63,16632.73957
68,64,11813.92569
68,66,13342.59235
68,67,8050.008486
68,68,
68,69,4112.637973
68,77,41419.45659
68,82,68888.25562
68,83,71131.10972
68,84,70244.52607
68,85,72392.55843
68,86,71804.15471
68,87,75406.12444
68,88,78729.52779
68,89,82337.22608
68,90,92594.00168
69,0,108536.5834
69,17,68308.37658
69,18,63553.21296
69,20,55837.02298
69,21,48705.46484
69,23,46022.16649
69,24,34404.63328
69,25,30009.96542
69,29,23938.27998
69,30,22774.31371
69,31,19603.95988
69,32,21235.04431
69,33,17385.30784
69,35,17295.20668
69,36,12885.49368
69,38,11119.83212
69,39,10206.18576
69,40,8830.14028
69,41,5769.249855
69,48,38072.2781
69,52,53594.1851
69,53,53162.90864
69,54,46643.87209
69,57,40831.63702
69,58,38945.42234
69,60,27658.23895
69,61,23187.9075
69,62,24821.94261
69,63,20073.92212
69,64,15255.10824
69,66,16783.7749
69,67,11491.19104
69,68,4112.637973
69,69,
69,77,41964.93156
69,82,69433.73059
69,83,71676.58468
69,84,70790.00104
69,85,72938.0334
69,86,72349.62967
69,87,75951.5994
69,88,79275.00275
69,89,82882.70104
69,90,93139.47664
77,0,66832.38929
77,17,26604.18252
77,18,21849.0189
77,20,14132.82892
77,21,7001.270777
77,23,4317.972421
77,24,7988.384063
77,25,12957.51018
77,29,18968.15599
77,30,21366.8662
77,31,24484.51792
77,32,26115.60236
77,33,24828.41558
77,35,28951.72026
77,36,33616.26909
77,38,31850.60752
77,39,32315.52112
77,40,34877.50678
77,41,37527.31185
77,48,75379.09672
77,52,90901.00372
77,53,90469.72725
77,54,83950.6907
77,57,78138.45563
77,58,76252.24096
77,60,64965.05757
77,61,60494.72612
77,62,62128.76123
77,63,57380.74074
77,64,52561.92686
77,66,54090.59352
77,67,48798.00966
77,68,41419.45659
77,69,41964.93156
77,77,
77,82,27729.53652
77,83,29972.39062
77,84,29085.80697
77,85,31233.83933
77,86,30645.4356
77,87,34247.40534
77,88,37570.80869
77,89,41178.50698
77,90,51435.28258
82,0,40945.6327
82,17,4695.231737
82,18,8150.138915
82,20,18069.03217
82,21,23157.72068
82,23,26338.89888
82,24,35457.1831
82,25,40426.30921
82,29,46436.95503
82,30,48835.66524
82,31,51953.31695
82,32,53584.40139
82,33,52297.21461
82,35,56420.51929
82,36,61085.06812
82,38,59319.40656
82,39,59784.32015
82,40,62346.30581
82,41,64996.11089
82,48,102847.8957
82,52,118369.8027
82,53,117938.5263
82,54,111419.4897
82,57,105607.2547
82,58,103721.04
82,60,92433.8566
82,61,87963.52515
82,62,89597.56026
82,63,84849.53977
82,64,80030.72589
82,66,81559.39255
82,67,76266.80869
82,68,68888.25562
82,69,69433.73059
82,77,27729.53652
82,82,
82,83,2242.854095
82,84,1356.270448
82,85,5347.082741
82,86,4758.679015
82,87,8360.648749
82,88,11684.0521
82,89,15291.75039
82,90,25548.52599
83,0,43188.48679
83,17,6938.085832
83,18,10392.99301
83,20,20311.88626
83,21,25400.57477
83,23,28581.75298
83,24,37700.03719
83,25,42669.16331
83,29,48679.80912
83,30,51078.51933
83,31,54196.17105
83,32,55827.25549
83,33,54540.0687
83,35,58663.37338
83,36,63327.92222
83,38,61562.26065
83,39,62027.17425
83,40,64589.15991
83,41,67238.96498
83,48,105090.7498
83,52,120612.6568
83,53,120181.3804
83,54,113662.3438
83,57,107850.1088
83,58,105963.8941
83,60,94676.7107
83,61,90206.37925
83,62,91840.41435
83,63,87092.39387
83,64,82273.57998
83,66,83802.24665
83,67,78509.66278
83,68,71131.10972
83,69,71676.58468
83,77,29972.39062
83,82,2242.854095
83,83,
83,84,989.5244837
83,85,7589.936836
83,86,7001.533111
83,87,10603.50284
83,88,13926.90619
83,89,17534.60448
83,90,27791.38008
84,0,42301.90315
84,17,6051.502185
84,18,9506.409363
84,20,19425.30262
84,21,24513.99113
84,23,27695.16933
84,24,36813.45354
84,25,41782.57966
84,29,47793.22547
84,30,50191.93568
84,31,53309.5874
84,32,54940.67184
84,33,53653.48506
84,35,57776.78974
84,36,62441.33857
84,38,60675.67701
84,39,61140.5906
84,40,63702.57626
84,41,66352.38133
84,48,104204.1662
84,52,119726.0732
84,53,119294.7967
84,54,112775.7602
84,57,106963.5251
84,58,105077.3104
84,60,93790.12705
84,61,89319.7956
84,62,90953.83071
84,63,86205.81022
84,64,81386.99634
84,66,82915.663
84,67,77623.07914
84,68,70244.52607
84,69,70790.00104
84,77,29085.80697
84,82,1356.270448
84,83,989.5244837
84,84,
84,85,6703.353189
84,86,6114.949463
84,87,9716.919197
84,88,13040.32255
84,89,16648.02083
84,90,26904.79643
85,0,36221.35166
85,17,8199.534545
85,18,11654.44172
85,20,21573.33498
85,21,26662.02349
85,23,29843.20169
85,24,38961.4859
85,25,43930.61202
85,29,49941.25783
85,30,52339.96804
85,31,55457.61976
85,32,57088.7042
85,33,55801.51742
85,35,59924.8221
85,36,64589.37093
85,38,62823.70937
85,39,63288.62296
85,40,65850.60862
85,41,68500.41369
85,48,106352.1986
85,52,121874.1056
85,53,121442.8291
85,54,114923.7925
85,57,109111.5575
85,58,107225.3428
85,60,95938.15941
85,61,91467.82796
85,62,93101.86307
85,63,88353.84258
85,64,83535.0287
85,66,85063.69536
85,67,79771.1115
85,68,72392.55843
85,69,72938.0334
85,77,31233.83933
85,82,5347.082741
85,83,7589.936836
85,84,6703.353189
85,85,
85,86,1569.029191
85,87,3636.367715
85,88,6959.771064
85,89,10567.46935
85,90,20824.24495
86,0,37167.57915
86,17,7611.13082
86,18,11066.038
86,20,20984.93125
86,21,26073.61976
86,23,29254.79797
86,24,38373.08218
86,25,43342.2083
86,29,49352.85411
86,30,51751.56432
86,31,54869.21604
86,32,56500.30048
86,33,55213.11369
86,35,59336.41837
86,36,64000.9672
86,38,62235.30564
86,39,62700.21923
86,40,65262.20489
86,41,67912.00997
86,48,105763.7948
86,52,121285.7018
86,53,120854.4254
86,54,114335.3888
86,57,108523.1537
86,58,106636.9391
86,60,95349.75569
86,61,90879.42424
86,62,92513.45934
86,63,87765.43886
86,64,82946.62497
86,66,84475.29163
86,67,79182.70777
86,68,71804.15471
86,69,72349.62967
86,77,30645.4356
86,82,4758.679015
86,83,7001.533111
86,84,6114.949463
86,85,1569.029191
86,86,
86,87,4582.595198
86,88,7905.998547
86,89,11513.69684
86,90,21770.47244
87,0,34741.16474
87,17,11213.10055
87,18,14668.00773
87,20,24586.90098
87,21,29675.5895
87,23,32856.7677
87,24,41975.05191
87,25,46944.17803
87,29,52954.82384
87,30,55353.53405
87,31,58471.18577
87,32,60102.27021
87,33,58815.08342
87,35,62938.3881
87,36,67602.93694
87,38,65837.27537
87,39,66302.18897
87,40,68864.17463
87,41,71513.9797
87,48,109365.7646
87,52,124887.6716
87,53,124456.3951
87,54,117937.3586
87,57,112125.1235
87,58,110238.9088
87,60,98951.72542
87,61,94481.39397
87,62,96115.42907
87,63,91367.40859
87,64,86548.59471
87,66,88077.26137
87,67,82784.67751
87,68,75406.12444
87,69,75951.5994
87,77,34247.40534
87,82,8360.648749
87,83,10603.50284
87,84,9716.919197
87,85,3636.367715
87,86,4582.595198
87,87,
87,88,5479.584144
87,89,9087.282433
87,90,19344.05803
88,0,29952.03933
88,17,14536.5039
88,18,17991.41108
88,20,27910.30433
88,21,32998.99284
88,23,36180.17105
88,24,45298.45526
88,25,50267.58138
88,29,56278.22719
88,30,58676.9374
88,31,61794.58912
88,32,63425.67356
88,33,62138.48677
88,35,66261.79145
88,36,70926.34029
88,38,69160.67872
88,39,69625.59232
88,40,72187.57798
88,41,74837.38305
88,48,112689.1679
88,52,128211.0749
88,53,127779.7985
88,54,121260.7619
88,57,115448.5268
88,58,113562.3122
88,60,102275.1288
88,61,97804.79732
88,62,99438.83242
88,63,94690.81194
88,64,89871.99805
88,66,91400.66472
88,67,86108.08085
88,68,78729.52779
88,69,79275.00275
88,77,37570.80869
88,82,11684.0521
88,83,13926.90619
88,84,13040.32255
88,85,6959.771064
88,86,7905.998547
88,87,5479.584144
88,88,
88,89,4298.157018
88,90,14554.93262
89,0,29218.36919
89,17,18144.20219
89,18,21599.10937
89,20,31518.00262
89,21,36606.69113
89,23,39787.86934
89,24,48906.15355
89,25,53875.27967
89,29,59885.92548
89,30,62284.63569
89,31,65402.28741
89,32,67033.37185
89,33,65746.18506
89,35,69869.48974
89,36,74534.03857
89,38,72768.37701
89,39,73233.2906
89,40,75795.27627
89,41,78445.08134
89,48,116296.8662
89,52,131818.7732
89,53,131387.4967
89,54,124868.4602
89,57,119056.2251
89,58,117170.0104
89,60,105882.8271
89,61,101412.4956
89,62,103046.5307
89,63,98298.51023
89,64,93479.69634
89,66,95008.363
89,67,89715.77914
89,68,82337.22608
89,69,82882.70104
89,77,41178.50698
89,82,15291.75039
89,83,17534.60448
89,84,16648.02083
89,85,10567.46935
89,86,11513.69684
89,87,9087.282433
89,88,4298.157018
89,89,
89,90,13821.26248
90,0,16011.18979
90,17,28400.97779
90,18,31855.88497
90,20,41774.77822
90,21,46863.46673
90,23,50044.64494
90,24,59162.92915
90,25,64132.05527
90,29,70142.70108
90,30,72541.41129
90,31,75659.06301
90,32,77290.14745
90,33,76002.96066
90,35,80126.26534
90,36,84790.81417
90,38,83025.15261
90,39,83490.0662
90,40,86052.05187
90,41,88701.85694
90,48,126553.6418
90,52,142075.5488
90,53,141644.2723
90,54,135125.2358
90,57,129313.0007
90,58,127426.786
90,60,116139.6027
90,61,111669.2712
90,62,113303.3063
90,63,108555.2858
90,64,103736.4719
90,66,105265.1386
90,67,99972.55474
90,68,92594.00168
90,69,93139.47664
90,77,51435.28258
90,82,25548.52599
90,83,27791.38008
90,84,26904.79643
90,85,20824.24495
90,86,21770.47244
90,87,19344.05803
90,88,14554.93262
90,89,13821.26248
90,90,
